$ANSIBLE_VAULT;1.1;AES256
39303562653464656637306636306533626364393263613439373137306561666338336631626430
3964366136643634613563353637633139353736393066630a323635393134396434313939663337
39613032643063333839623035316465613637343766323533656536626164376631623761656634
6138336335633461630a336663353632633033326463383437303962343332626333353231663534
32383333336232623830363539303963616433616637613461366561346134663535633661383635
66616662663032346136366665363636393965333637643538623833616563323064643931376439
61363466323439663263363464383165616161623336663663353430336530613639353562326363
33633462366530623331383562323166343466383033313362616331333465613761336230633531
66623661386632323431663735383437313062353936306231383333383934333936313035336163
37656130633938633233323939656239306636353565303765616335613430643665333639626533
64333630643639306431393432346537373134666563393037333838613534343066643532643638
38376263376262373531303132326531333938373563313164666232356464633931386661636465
3463
